"","deb","fin","nbPages"
"1",1,2,2
"2",3,4,2
"3",5,6,2
"4",7,8,2
"5",9,10,2
"6",11,12,2
"7",13,15,3
"8",16,17,2
"9",18,20,3
"10",21,23,3
"11",24,25,2
"12",26,28,3
"13",29,29,1
"14",30,35,6
"15",36,37,2
"16",38,39,2
"17",40,41,2
"18",42,44,3
"19",45,47,3
"20",48,53,6
"21",54,55,2
"22",56,58,3
"23",59,60,2
"24",61,66,6
"25",67,68,2
"26",69,70,2
"27",71,75,5
"28",76,77,2
"29",78,79,2
"30",80,81,2
