"","fin","deb","nbPages","X","fic","nb"
"1",2,1,2,1,"/A2024_144-Auto Pont Gallieni.pdf",2
"2",4,3,2,2,"/A2024_145-Chemin Lateral et Route Aulnay.pdf",2
"3",6,5,2,3,"/A2024_155-Rue de Lattre de Tassigny et DAubier.pdf",2
"4",8,7,2,4,"/A2024_156-Règlementation défilé flamme Olympique.pdf",2
"5",10,9,2,5,"/A2024_158-Rue Blanqui.pdf",2
"6",12,11,2,NA,NA,NA
"7",15,13,3,NA,NA,NA
"8",17,16,2,NA,NA,NA
"9",20,18,3,NA,NA,NA
"10",23,21,3,NA,NA,NA
"11",25,24,2,NA,NA,NA
"12",28,26,3,NA,NA,NA
"13",29,29,1,NA,NA,NA
"14",35,30,6,NA,NA,NA
"15",37,36,2,NA,NA,NA
"16",39,38,2,NA,NA,NA
"17",41,40,2,6,"/decembre1.pdf",31
"18",44,42,3,NA,NA,NA
"19",47,45,3,NA,NA,NA
"20",53,48,6,NA,NA,NA
"21",55,54,2,NA,NA,NA
"22",58,56,3,NA,NA,NA
"23",60,59,2,NA,NA,NA
"24",66,61,6,NA,NA,NA
"25",68,67,2,NA,NA,NA
"26",70,69,2,NA,NA,NA
"27",75,71,5,NA,NA,NA
"28",77,76,2,NA,NA,NA
"29",79,78,2,NA,NA,NA
"30",81,80,2,7,"/decembre2.pdf",40
